219 219 219 219 219 219 219 219 219 219 219 219 219 219 219
219 4 32 32 32 32 32 32 32 32 32 32 32 53 219
219 32 32 32 32 32 32 32 32 32 32 32 32 32 219
219 32 32 32 53 53 53 53 53 53 53 53 32 32 219
219 32 32 32 53 53 32 32 32 32 32 32 32 32 219
219 32 32 32 53 32 32 32 32 32 32 32 32 32 219
219 32 32 32 53 32 32 32 32 32 32 32 32 32 219
219 32 32 32 53 53 53 32 32 32 32 32 32 32 219
219 32 32 32 32 32 32 53 53 53 53 32 32 32 219
219 32 32 32 32 32 32 32 32 32 53 32 32 32 219
219 32 32 32 32 32 32 32 32 53 53 32 32 32 219
219 32 32 53 53 53 53 53 53 53 32 32 32 32 219
219 32 32 32 32 32 32 32 32 32 32 32 32 32 219
219 53 32 32 32 32 32 32 32 32 32 32 32 4 219
219 219 219 219 219 219 219 219 219 219 219 219 219 219 219
