15 15 15 15 15 15 15 15 15 15 15 15 15 15 15
15 1 15 3 3 3 3 3 3 3 3 3 15 1 15
15 3 3 3 15 15 15 15 15 15 15 3 3 3 15
15 15 15 15 15 15 15 15 15 1 15 15 15 15 15
15 15 15 15 0 0 0 0 1 1 15 15 15 15 15
15 15 15 15 0 0 0 1 15 1 15 15 15 15 15
15 15 15 0 0 15 1 1 15 1 15 15 15 15 15
15 15 15 0 0 1 1 1 1 1 1 1 15 15 15
15 15 15 0 0 15 15 15 15 1 15 15 15 15 15
15 15 15 15 15 15 15 15 1 1 15 15 15 15 15
15 15 15 15 15 15 15 1 1 1 1 15 15 15 15
15 15 15 15 15 1 1 0 0 0 1 1 15 15 15
15 3 3 3 15 1 0 15 15 15 15 1 3 3 15
15 1 15 3 3 3 3 3 3 3 3 3 15 1 15
15 15 15 15 15 15 15 15 15 15 15 15 15 15 15