219 219 219 219 219 219 219 219 219 219 219 219 219 219 219 
219 49 233 32 32 32 32 32 32 32 32 219 233 3 219 
219 233 32 32 32 32 32 32 32 32 32 219 219 233 219 
219 32 32 32 35 35 35 35 35 35 35 35 32 32 219 
219 32 35 35 219 32 32 204 185 219 32 219 35 32 219 
219 35 35 219 32 32 204 206 185 219 32 32 35 35 219 
219 35 32 32 32 204 206 206 185 219 32 32 32 35 219 
219 35 32 32 32 32 32 199 185 219 32 32 32 35 219 
219 35 219 32 32 32 32 199 185 219 32 32 32 35 219 
219 35 219 32 32 32 32 199 185 219 32 32 32 35 219 
219 35 219 32 32 204 206 206 206 206 185 219 219 35 219 
219 32 35 219 219 219 219 219 219 219 219 219 35 32 219 
219 233 32 35 35 35 35 35 35 35 35 35 32 233 219 
219 3 233 32 32 32 32 32 32 32 32 32 233 49 219 
219 219 219 219 219 219 219 219 219 219 219 219 219 219 219