219 219 219 219 219 219 219 219 219 219 219 219 219 219 219
219 4 32 62 32 32 32 32 32 32 32 35 32 55 219
219 62 32 62 32 32 32 32 32 32 32 35 32 35 219
219 32 32 32 32 32 32 32 32 32 32 32 32 32 219
219 32 32 32 61 61 61 61 61 61 61 59 59 32 219
219 32 32 32 32 32 32 32 32 32 47 47 59 32 219
219 32 32 32 32 32 32 32 32 47 47 59 32 32 219
219 32 32 32 32 32 32 32 47 47 59 32 32 32 219
219 32 32 32 32 32 32 47 47 59 32 32 32 32 219
219 32 32 32 32 32 47 47 59 32 32 32 32 32 219
219 32 32 32 32 47 47 59 32 32 32 32 32 32 219
219 32 32 32 47 47 59 32 32 32 32 32 32 32 219
219 33 33 32 32 32 32 32 32 32 32 58 32 58 219
219 55 33 32 32 32 32 32 32 32 32 58 32 4 219
219 219 219 219 219 219 219 219 219 219 219 219 219 219 219