219 219 219 219 219 219 219 219 219 219 219 219 219 219 219
219 3 32 32 32 32 32 32 32 32 32 32 32 50 219
219 32 32 32 32 32 32 32 32 32 32 32 32 32 219
219 32 32 32 32 32 32 32 32 32 32 32 32 32 219
219 32 32 32 32 32 50 50 32 32 32 32 32 32 219
219 32 32 50 50 50 50 50 50 32 32 32 32 32 219
219 32 32 50 32 32 32 32 50 50 32 32 32 32 219
219 32 32 32 32 32 32 32 32 32 50 32 32 32 219
219 32 32 32 32 32 32 32 32 32 50 32 32 32 219
219 32 32 32 32 32 32 32 32 50 50 32 32 32 219
219 32 32 50 50 50 50 50 50 50 32 32 32 32 219
219 32 32 50 50 50 50 50 50 50 50 50 50 32 219
219 32 32 32 32 32 32 32 32 32 32 32 32 32 219
219 50 32 32 32 32 32 32 32 32 32 32 32 3 219
219 219 219 219 219 219 219 219 219 219 219 219 219 219 219
