219 219 219 219 219 219 219 219 219 219 219 219 219 219 219
219 52 32 247 247 247 247 247 247 247 247 247 32 5 219
219 247 247 247 32 32 32 32 32 32 32 247 247 247 219
219 32 32 32 32 32 32 32 32 145 32 32 32 32 219
219 32 32 32 223 223 223 220 129 129 32 32 32 32 219
219 32 32 32 220 220 220 129 32 129 32 32 32 32 219
219 32 32 220 220 32 129 64 32 129 32 32 32 32 219
219 32 32 220 220 145 145 145 145 145 62 62 32 32 219
219 32 32 220 220 32 32 32 32 129 32 32 32 32 219
219 32 32 32 32 32 32 32 145 145 32 32 32 32 219
219 32 32 32 32 32 32 145 145 145 145 32 32 32 219
219 32 32 32 32 60 129 220 220 220 129 62 32 32 219
219 247 247 247 32 152 220 32 32 32 32 152 247 247 219
219 5 32 247 247 247 247 247 247 247 247 247 32 52 219
219 219 219 219 219 219 219 219 219 219 219 219 219 219 219