219 219 219 219 219 219 219 219 219 219 219 219 219 219 219
219 65 219 32 32 32 32 32 32 32 32 32 219 6 219
219 223 223 32 32 32 32 32 32 32 32 32 223 223 219
219 32 32 32 32 220 220 220 32 32 32 32 32 32 219
219 32 32 178 178 178 178 178 178 178 178 178 32 32 219
219 32 32 178 32 220 32 186 220 220 32 178 32 32 219
219 32 32 178 220 220 32 186 32 220 220 178 32 32 219
219 32 32 178 219 219 219 219 219 219 219 178 32 32 219
219 32 32 178 64 220 220 220 220 32 64 178 32 32 219
219 32 32 178 220 32 32 32 32 32 32 178 32 32 219
219 32 32 178 32 32 32 32 32 32 32 178 32 32 219
219 32 32 220 32 220 220 220 220 220 220 220 220 32 219
219 220 220 220 32 32 32 32 32 32 32 32 220 220 219
219 6 219 32 32 32 32 32 32 32 32 32 219 65 219
219 219 219 219 219 219 219 219 219 219 219 219 219 219 219