15 15 15 15 15 15 15 15 15 15 15 15 15 15 15
15 6 4 15 15 15 15 15 15 15 15 15 4 6 15
15 4 4 15 15 15 15 15 15 15 15 15 4 4 15
15 15 15 15 15 0 0 0 15 15 15 15 15 15 15
15 15 15 4 4 4 4 4 4 4 4 4 15 15 15
15 15 15 4 15 0 15 8 0 0 15 4 15 15 15
15 15 15 4 0 0 15 8 15 0 0 4 15 15 15
15 15 15 4 8 8 8 8 8 8 8 4 15 15 15
15 15 15 4 8 0 0 0 0 15 8 4 15 15 15
15 15 15 4 0 15 15 15 15 15 15 4 15 15 15
15 15 15 4 15 15 15 15 15 15 15 4 15 15 15
15 15 15 0 15 0 0 0 0 0 0 0 0 15 15
15 4 4 0 15 15 15 15 15 15 15 15 4 4 15
15 6 4 15 15 15 15 15 15 15 15 15 4 6 15
15 15 15 15 15 15 15 15 15 15 15 15 15 15 15